0 0.0 0.0 0.0 0.0 0.0 0.0 0.0 0.0 0.0 0.0 0.0
1 5.234042553191489 5.234042553191489 5.234042553191489 5.234042553191489 5.234042553191489 5.234042553191489 5.234042553191489 5.234042553191489 5.234042553191489 0.0 0.0
2 1.4042553191489362 1.4042553191489362 1.4042553191489362 1.4042553191489362 1.4042553191489362 1.4042553191489362 1.4042553191489362 1.4042553191489362 1.4042553191489362 0.0 0.0
3 3.1914893617021276 3.1914893617021276 3.1914893617021276 3.1914893617021276 3.1914893617021276 3.1914893617021276 3.1914893617021276 3.1914893617021276 3.1914893617021276 0.0 0.0
I1 5.234042553191489 0.003 0.015702127659574468 5.234042553191489 0.003 0.015702127659574468 5.234042553191489 0.003 0.015702127659574468 5.234042553191489 0.003 0.015702127659574468 5.234042553191489 0.003 0.015702127659574468 5.234042553191489 0.003 0.015702127659574468 5.234042553191489 0.003 0.015702127659574468 5.234042553191489 0.003 0.015702127659574468 5.234042553191489 0.003 0.015702127659574468 0.0 0.0 0.0
R1 3.8297872340425525 9.574468085106381E-4 0.003666817564508826 3.8297872340425525 9.574468085106381E-4 0.003666817564508826 3.8297872340425525 9.574468085106381E-4 0.003666817564508826 3.8297872340425525 9.574468085106381E-4 0.003666817564508826 3.8297872340425525 9.574468085106381E-4 0.003666817564508826 3.8297872340425525 9.574468085106381E-4 0.003666817564508826 3.8297872340425525 9.574468085106381E-4 0.003666817564508826 3.8297872340425525 9.574468085106381E-4 0.003666817564508826 3.8297872340425525 9.574468085106381E-4 0.003666817564508826 0.0 0.0 0.0
R2 -1.7872340425531914 -4.4680851063829785E-4 7.985513807152556E-4 -1.7872340425531914 -4.4680851063829785E-4 7.985513807152556E-4 -1.7872340425531914 -4.4680851063829785E-4 7.985513807152556E-4 -1.7872340425531914 -4.4680851063829785E-4 7.985513807152556E-4 -1.7872340425531914 -4.4680851063829785E-4 7.985513807152556E-4 -1.7872340425531914 -4.4680851063829785E-4 7.985513807152556E-4 -1.7872340425531914 -4.4680851063829785E-4 7.985513807152556E-4 -1.7872340425531914 -4.4680851063829785E-4 7.985513807152556E-4 -1.7872340425531914 -4.4680851063829785E-4 7.985513807152556E-4 0.0 0.0 0.0
R3 2.042553191489361 0.002042553191489361 0.004172023540063375 2.042553191489361 0.002042553191489361 0.004172023540063375 2.042553191489361 0.002042553191489361 0.004172023540063375 2.042553191489361 0.002042553191489361 0.004172023540063375 2.042553191489361 0.002042553191489361 0.004172023540063375 2.042553191489361 0.002042553191489361 0.004172023540063375 2.042553191489361 0.002042553191489361 0.004172023540063375 2.042553191489361 0.002042553191489361 0.004172023540063375 2.042553191489361 0.002042553191489361 0.004172023540063375 0.0 0.0 0.0
R4 1.4042553191489362 0.001404255319148936 0.0019719330013580807 1.4042553191489362 0.001404255319148936 0.0019719330013580807 1.4042553191489362 0.001404255319148936 0.0019719330013580807 1.4042553191489362 0.001404255319148936 0.0019719330013580807 1.4042553191489362 0.001404255319148936 0.0019719330013580807 1.4042553191489362 0.001404255319148936 0.0019719330013580807 1.4042553191489362 0.001404255319148936 0.0019719330013580807 1.4042553191489362 0.001404255319148936 0.0019719330013580807 1.4042553191489362 0.001404255319148936 0.0019719330013580807 0.0 0.0 0.0
R5 3.1914893617021276 0.0015957446808510637 0.005092802172928927 3.1914893617021276 0.0015957446808510637 0.005092802172928927 3.1914893617021276 0.0015957446808510637 0.005092802172928927 3.1914893617021276 0.0015957446808510637 0.005092802172928927 3.1914893617021276 0.0015957446808510637 0.005092802172928927 3.1914893617021276 0.0015957446808510637 0.005092802172928927 3.1914893617021276 0.0015957446808510637 0.005092802172928927 3.1914893617021276 0.0015957446808510637 0.005092802172928927 3.1914893617021276 0.0015957446808510637 0.005092802172928927 0.0 0.0 0.0
